1059 197 1409 2 259 237 327 1729 772 612 
479 82 1293 611 1861 541 979 1149 579 1889 
1001 1153 968 300 1053 1490 124 1676 1530 1500 
298 981 635 1022 1865 1814 1063 536 1425 1669 
1087 173 1432 166 232 1255 810 1571 151 1144 
1851 993 687 848 986 89 493 1688 1968 1492 
1942 1365 1629 1852 1443 1821 1481 283 850 322 
784 513 779 1319 1454 310 682 760 905 1113 
1226 466 1887 431 1198 1590 1246 632 1795 711 
1616 828 1170 238 1340 1534 439 16 1626 567 
1553 562 193 1588 1143 547 1694 555 761 908 
872 1197 696 984 1315 1789 964 503 77 769 
174 1134 932 484 1186 33 273 1130 240 879 
1582 488 1173 1203 1564 886 648 1264 644 1150 
1397 1129 1142 839 447 379 773 989 305 602 
1219 1133 1372 576 67 474 1357 1711 367 1382 
42 873 1535 1304 86 1200 1254 960 619 1947 
126 1635 459 956 354 418 487 585 17 394 
1163 1103 1748 185 3 368 998 787 1824 1132 
778 1258 489 854 950 1934 581 1879 1767 574 
83 1405 1689 1436 900 1437 1275 130 434 652 
392 40 1205 1080 739 1274 92 1717 1320 1025 
1690 138 1650 593 657 1565 97 742 1403 743 
19 1517 1348 1842 1877 482 552 1373 148 1911 
309 1277 610 1422 815 867 90 939 698 901 
1158 1453 1627 1102 1386 186 122 1260 803 636 
1892 1180 294 108 1088 359 1418 824 1905 1681 
975 725 179 1182 1576 883 1467 686 1384 1776 
1818 78 212 918 1816 1029 1810 1497 1376 1772 
1237 675 1502 383 1741 1380 453 747 1141 1034 
1314 207 994 1840 1670 1700 846 1374 1036 915 
321 1684 249 1337 1734 871 312 181 507 1098 
198 1520 1391 397 1856 967 34 681 1106 342 
1982 938 1117 270 523 1780 325 1941 1039 52 
1494 1383 1868 1312 1136 1990 1707 1444 475 724 
76 740 105 622 1479 452 1352 1465 1605 1943 
349 833 1328 1924 715 812 1333 1489 1123 1286 
1785 465 947 1220 1216 1547 1561 780 1094 355 
1056 1104 211 1311 415 1526 569 1012 624 199 
592 251 196 1100 1928 805 116 712 79 1096 
889 1250 1212 1415 683 1580 244 1628 1652 242 
1477 1755 1078 1014 32 1875 344 102 1426 1888 
467 422 864 1771 944 1575 1184 1000 119 1155 
662 398 1498 781 1912 1546 1680 463 1048 1963 
1017 1428 573 156 1878 559 1895 362 104 307 
500 1577 658 1251 96 753 1313 1761 568 44 
1802 1584 808 532 1514 154 1019 1674 1657 473 
626 1574 1612 516 1461 1146 1360 1751 256 1005 
1387 1845 233 1843 1609 1589 165 1773 603 1820 
613 798 564 231 586 1463 261 540 1951 690 
1989 1559 1812 445 783 627 1920 1081 1284 1719 
99 634 183 1230 1532 229 1543 1325 1452 1006 
391 851 566 0 1667 1381 217 117 1638 6 
455 1846 1060 1573 922 1222 1003 1975 1524 1361 
882 794 1122 1603 1747 1746 209 1992 726 1586 
1648 1955 340 162 1347 1946 101 222 1994 1516 
1731 605 607 1901 1849 561 477 816 1138 264 
1484 216 412 370 642 339 806 1790 1666 1925 
888 515 892 1244 1778 262 692 1334 1350 1769 
754 825 1297 1069 706 1541 125 646 1619 972 
1101 61 1683 606 767 1970 1583 393 1987 446 
1491 277 978 1509 1687 1291 1472 87 1641 1692 
22 1469 50 433 962 1288 1848 1109 1913 1611 
820 1896 1971 112 1923 1033 413 1592 1752 441 
1336 924 1482 1308 1285 302 709 1323 1677 1061 
521 1633 1468 1540 1075 141 1488 1742 155 1083 
1341 691 289 1399 1664 992 1886 47 1656 91 
1585 1023 1606 1732 741 1969 677 1883 527 583 
1940 1486 1917 1483 759 247 1240 377 616 528 
1015 395 1927 589 1644 1459 1617 376 1733 299 
1999 1645 936 460 1973 1187 20 748 1710 1914 
213 1957 1241 472 1775 1233 702 594 1827 55 
1190 1833 958 1140 1473 1086 1511 131 674 204 
818 1367 343 1299 669 620 1630 789 1566 893 
1221 1549 1296 335 1618 1763 1046 127 208 553 
1239 1637 1448 1533 1055 1601 957 1346 1770 898 
1783 1515 1013 1090 330 358 316 1562 1193 1857 
350 1332 1485 1642 1594 144 862 1438 410 1165 
1782 337 1859 275 43 1309 364 1981 1259 1301 
578 1977 1412 1135 1300 1041 1916 1830 1072 1128 
1870 1723 1379 317 817 1018 347 253 895 167 
328 378 891 1248 308 1907 60 1449 961 1423 
1302 201 587 1002 1047 701 1805 1622 749 1608 
735 1211 1591 877 1028 1944 792 107 766 719 
764 1009 1844 774 946 81 1116 1071 171 39 
1915 721 272 1935 1806 1457 396 894 1948 241 
1508 182 941 1470 1809 478 505 845 809 1269 
786 1899 746 470 1998 797 1067 601 142 599 
84 1196 1754 387 1555 28 1991 729 64 582 
501 226 827 110 1799 623 1370 1419 351 1910 
1121 1404 693 608 1976 1713 157 1089 1042 1245 
1194 12 1082 219 1832 235 840 1016 1513 1076 
24 837 704 1811 1600 282 526 1563 139 1206 
85 974 1636 1904 1808 996 329 1668 468 1572 
1893 1621 371 1539 1979 1897 10 1698 1458 1938 
1268 1643 369 1396 440 1567 432 1112 1794 348 
539 419 745 509 203 147 1720 243 595 708 
1551 1406 914 1270 976 664 727 421 1439 135 
811 1092 571 1084 401 1882 1950 1939 177 502 
1427 41 1166 1097 1558 405 680 925 485 869 
